	+-----------------------------------------------+
	|	N	|	X	|	F(x)	|
	+-----------------------------------------------+

	|	1	|	-44.50	|	-42184175.20|
	+-----------------------------------------------+

	|	2	|	-43.50	|	-37719127.18|
	+-----------------------------------------------+

	|	3	|	-42.50	|	-33639236.29|
	+-----------------------------------------------+

	|	4	|	-41.50	|	-29918971.77|
	+-----------------------------------------------+

	|	5	|	-40.50	|	-26533981.88|
	+-----------------------------------------------+

	|	6	|	-39.50	|	-23461063.87|
	+-----------------------------------------------+

	|	7	|	-38.50	|	-20678133.98|
	+-----------------------------------------------+

	|	8	|	-37.50	|	-18164197.46|
	+-----------------------------------------------+

	|	9	|	-36.50	|	-15899318.57|
	+-----------------------------------------------+

	|	10	|	-35.50	|	-13864590.55|
	+-----------------------------------------------+

	|	11	|	-34.50	|	-12042105.66|
	+-----------------------------------------------+

	|	12	|	-33.50	|	-10414925.15|
	+-----------------------------------------------+

	|	13	|	-32.50	|	-8967049.26|
	+-----------------------------------------------+

	|	14	|	-31.50	|	-7683387.24|
	+-----------------------------------------------+

	|	15	|	-30.50	|	-6549727.35|
	+-----------------------------------------------+

	|	16	|	-29.50	|	-5552706.84|
	+-----------------------------------------------+

	|	17	|	-28.50	|	-4679781.95|
	+-----------------------------------------------+

	|	18	|	-27.50	|	-3919197.93|
	+-----------------------------------------------+

	|	19	|	-26.50	|	-3259959.04|
	+-----------------------------------------------+

	|	20	|	-25.50	|	-2691798.52|
	+-----------------------------------------------+

	|	21	|	-24.50	|	-2205148.63|
	+-----------------------------------------------+

	|	22	|	-23.50	|	-1791110.62|
	+-----------------------------------------------+

	|	23	|	-22.50	|	-1441424.73|
	+-----------------------------------------------+

	|	24	|	-21.50	|	-1148440.21|
	+-----------------------------------------------+

	|	25	|	-20.50	|	-905085.32|
	+-----------------------------------------------+

	|	26	|	-19.50	|	-704837.30|
	+-----------------------------------------------+

	|	27	|	-18.50	|	-541692.41|
	+-----------------------------------------------+

	|	28	|	-17.50	|	-410135.90|
	+-----------------------------------------------+

	|	29	|	-16.50	|	-305112.01|
	+-----------------------------------------------+

	|	30	|	-15.50	|	-221993.99|
	+-----------------------------------------------+

	|	31	|	-14.50	|	-156554.10|
	+-----------------------------------------------+

	|	32	|	-13.50	|	-104933.59|
	+-----------------------------------------------+

	|	33	|	-12.50	|	-63612.70|
	+-----------------------------------------------+

	|	34	|	-11.50	|	-29380.68|
	+-----------------------------------------------+

	|	35	|	-10.50	|	694.21|
	+-----------------------------------------------+

	|	36	|	-9.50	|	29294.73|
	+-----------------------------------------------+

	|	37	|	-8.50	|	58884.62|
	+-----------------------------------------------+

	|	38	|	-7.50	|	91738.63|
	+-----------------------------------------------+

	|	39	|	-6.50	|	129972.52|
	+-----------------------------------------------+

	|	40	|	-5.50	|	175573.04|
	+-----------------------------------------------+

	|	41	|	-4.50	|	230427.93|
	+-----------------------------------------------+

	|	42	|	-3.50	|	296355.95|
	+-----------------------------------------------+

	|	43	|	-2.50	|	375136.84|
	+-----------------------------------------------+

	|	44	|	-1.50	|	468541.35|
	+-----------------------------------------------+

	|	45	|	-0.50	|	578361.24|
	+-----------------------------------------------+

	|	46	|	0.50	|	706439.26|
	+-----------------------------------------------+

	|	47	|	1.50	|	854699.15|
	+-----------------------------------------------+

	|	48	|	2.50	|	1025175.66|
	+-----------------------------------------------+

	|	49	|	3.50	|	1220044.55|
	+-----------------------------------------------+

	|	50	|	4.50	|	1441652.57|
	+-----------------------------------------------+

	|	51	|	5.50	|	1692547.46|
	+-----------------------------------------------+

		 Bezpalko_Sofiya PE-214